epoch,source_acc,target_acc_no_im,target_acc_oracle,target_acc_baseline,target_acc_MLLS,target_acc_RLLS,baseline_AE,MLLS_AE,RLLS_AE,multarget_acc_oracle,multarget_acc_baseline,multarget_acc_MLLS,multarget_acc_RLLS
9,59.5,32.126968858963565,32.343393050378744,31.381507755200193,30.347481062883254,29.50583142960202,0.2525423721340796,0.4869375739481089,0.5177664654579884,32.343393050378744,31.381507755200193,30.347481062883254,29.50583142960202
22,75.38461538461539,39.36515570518216,40.02645184561741,38.944330888541536,38.475411807141995,38.655765299987976,0.2166014961928337,0.3338706396521034,0.2698993012204479,40.02645184561741,38.944330888541536,38.475411807141995,38.655765299987976
23,76.65384615384615,40.699771552242396,41.1927377660214,40.85607791270891,40.17073463989419,40.20680533846338,0.17767957228599718,0.2826655018279409,0.2471189091289971,41.1927377660214,40.85607791270891,40.17073463989419,40.20680533846338
40,80.84615384615384,43.94613442347,44.354935673920885,43.970181555849464,43.75375736443429,43.74173379824456,0.1784001151987788,0.2535189712702067,0.2063119740780052,44.354935673920885,43.970181555849464,43.75375736443429,43.74173379824456
2,28.576923076923077,16.328002885655884,16.86906336419382,15.871107370446074,14.04352530960683,15.462306119995189,0.32911815879011197,0.9120419624954984,0.729456997603329,16.86906336419382,15.871107370446074,14.04352530960683,15.462306119995189
13,66.03846153846153,33.87038595647469,34.79620055308404,32.7401707346399,31.597931946615365,31.12901286521582,0.3352752422880988,0.514041788130114,0.5012967756500871,34.79620055308404,32.7401707346399,31.597931946615365,31.12901286521582
6,48.65384615384615,27.37766021401948,28.435734038715882,25.862690874113266,24.720452086088734,24.32367440182758,0.3181229029360295,0.6018210287423,0.6459102700520771,28.435734038715882,25.862690874113266,24.720452086088734,24.32367440182758
18,73.8076923076923,38.49945893952146,39.004448719490206,37.76602140194782,35.77010941445233,35.9865336058675,0.2455451283395627,0.46127101671417814,0.41490481497416426,39.004448719490206,37.76602140194782,35.77010941445233,35.9865336058675
39,81.11538461538461,44.07839365155705,44.34291210773115,44.36695924011062,44.234700012023566,44.2467235782133,0.16677796366999995,0.2454869850029506,0.19519062939475462,44.34291210773115,44.36695924011062,44.234700012023566,44.2467235782133
20,73.65384615384616,38.70385956474691,39.36515570518216,38.46338824095227,37.27305518816881,37.922327762414334,0.2900437557019694,0.4578929609575746,0.4093818596406264,39.36515570518216,38.46338824095227,37.27305518816881,37.922327762414334
36,80.61538461538461,43.30888541541421,43.81387519538295,43.465191775880726,43.200673319706624,43.332932547793675,0.17852737121548273,0.28828512501639847,0.220270521359619,43.81387519538295,43.465191775880726,43.200673319706624,43.332932547793675
4,41.53846153846154,21.714560538655768,23.20548274618252,18.949140315017434,18.287844174582183,15.13766983287243,0.35927254631976513,0.7761966674473967,0.9932667454722498,23.20548274618252,18.949140315017434,18.287844174582183,15.13766983287243
21,74.57692307692308,40.72381868462186,41.204761332211135,40.35108813274017,39.413249969941084,39.97835758085848,0.21089712975487815,0.3819850397585042,0.2964355993405372,41.204761332211135,40.35108813274017,39.413249969941084,39.97835758085848
33,78.96153846153847,42.3229529878562,42.93615486353252,42.09450523025129,41.721774678369606,41.93819886978478,0.2063840579913831,0.30226276534029106,0.25767606768181295,42.93615486353252,42.09450523025129,41.721774678369606,41.93819886978478
27,77.53846153846153,41.673680413610676,42.16664662738968,41.36106769267765,40.88012504508837,40.9642900084165,0.21607890192993065,0.32690722917811155,0.26536227550677416,42.16664662738968,41.36106769267765,40.88012504508837,40.9642900084165
1,18.23076923076923,11.578694240711796,12.19189611638812,10.628832511722978,9.678970782734158,10.051701334615846,0.574770089531593,0.9861319735718919,0.8604651407255957,12.19189611638812,10.628832511722978,9.678970782734158,10.051701334615846
17,71.23076923076923,38.06661055669112,38.58362390284958,37.70590357099916,35.4214259949501,35.9504629072983,0.24125480452803041,0.4820996264186801,0.38030584914390053,38.58362390284958,37.70590357099916,35.4214259949501,35.9504629072983
24,76.61538461538461,40.771912949380784,41.01238427317542,40.014428279427676,39.725862690874116,40.03847541180714,0.2618232471067752,0.4140085483414321,0.35059372730368044,41.01238427317542,40.014428279427676,39.725862690874116,40.03847541180714
34,80.23076923076923,42.310929421666465,43.05639052542985,42.3229529878562,42.26283515690754,42.27485872309727,0.1997273979883014,0.28199330190232685,0.23659226361355823,43.05639052542985,42.3229529878562,42.26283515690754,42.27485872309727
15,68.92307692307692,36.19093423109294,36.67187687868222,35.63785018636528,34.19502224359745,34.80822411927378,0.2510642260841571,0.4806167151475699,0.32599762247440534,36.67187687868222,35.63785018636528,34.19502224359745,34.80822411927378
40,80.73076923076923,44.18660574726464,44.39100637249008,43.970181555849464,43.89804015871107,43.91006372490081,0.1682327869445089,0.2485499149610557,0.19270426116683048,44.39100637249008,43.970181555849464,43.89804015871107,43.91006372490081
32,78.8076923076923,43.35697968017314,43.970181555849464,43.381026812552605,43.18864975351689,43.248767584465554,0.17749101223370997,0.2555827777613269,0.21033454044077776,43.970181555849464,43.381026812552605,43.18864975351689,43.248767584465554
26,76.23076923076924,40.68774798605266,41.21678489840087,40.531441625586154,40.20680533846338,40.15871107370446,0.21125634359790432,0.31276961893458677,0.26139940366737835,41.21678489840087,40.531441625586154,40.20680533846338,40.15871107370446
11,65.07692307692308,33.401466875075144,34.267163640735845,32.71612360226043,31.441625586148852,31.28531922568234,0.24945639888288465,0.4967558094409732,0.4623639831642464,34.267163640735845,32.71612360226043,31.441625586148852,31.28531922568234
19,72.92307692307692,40.55548875796561,41.120596368883014,40.00240471323795,39.58157989659733,38.96837802092101,0.20169899185110063,0.3682120561270964,0.35564731773809233,41.120596368883014,40.00240471323795,39.58157989659733,38.96837802092101
10,63.07692307692307,33.112901286521584,33.36539617650595,32.65600577131177,31.465672718528314,31.93459179992786,0.16851669523963075,0.43679387494664135,0.33329647676781315,33.36539617650595,32.65600577131177,31.465672718528314,31.93459179992786
30,77.84615384615384,41.66165684742095,42.23878802452808,41.57749188409282,41.09654923650355,41.156667067452204,0.218064403230833,0.31921499784076424,0.2882484956316793,42.23878802452808,41.57749188409282,41.09654923650355,41.156667067452204
12,66.46153846153847,34.12288084645906,34.83227125165324,32.48767584465552,30.70818804857521,30.828423710472524,0.28851703720791444,0.5853404872675622,0.5038779257585148,34.83227125165324,32.48767584465552,30.70818804857521,30.828423710472524
29,77.46153846153845,40.75988938319106,41.072502104124084,40.75988938319106,40.519418059396415,40.6637008536732,0.1740173775865307,0.2727652993048718,0.2127002401897727,41.072502104124084,40.75988938319106,40.519418059396415,40.6637008536732
35,79.15384615384615,43.00829626067092,43.54935673920885,42.791872069255746,42.491282914512446,42.491282914512446,0.19350501302205533,0.3000436849290593,0.25096861687680155,43.54935673920885,42.791872069255746,42.491282914512446,42.491282914512446
5,46.0,25.225441866057473,26.48791631597932,24.672357821329808,22.484068774798605,22.808705061921366,0.2948732619577282,0.7150797046259496,0.6672908093802481,26.48791631597932,24.672357821329808,22.484068774798605,22.808705061921366
16,71.65384615384616,38.824095226644225,39.48539136707947,38.71588313093663,36.37128772393892,37.29710232054828,0.18805315915920226,0.3870392028188936,0.3326652657786353,39.48539136707947,38.71588313093663,36.37128772393892,37.29710232054828
7,54.730769230769226,30.034868341950222,30.768305879523865,28.35156907538776,24.455933629914632,23.662378261392327,0.30201418297377625,0.7431500098603994,0.7819210810170072,30.768305879523865,28.35156907538776,24.455933629914632,23.662378261392327
14,67.65384615384616,35.649873752555,36.443429121077315,34.904412648791634,32.21113382229169,33.112901286521584,0.2555603912818872,0.5249549266181818,0.437252416587345,36.443429121077315,34.904412648791634,32.21113382229169,33.112901286521584
3,35.46153846153846,19.983167007334377,20.48815678730311,19.093423109294218,17.0133461584706,18.08344354935674,0.3246402063666681,1.0739984385904924,0.8508128743725467,20.48815678730311,19.093423109294218,17.0133461584706,18.08344354935674
31,78.15384615384615,42.38307081880486,42.83996633401467,42.226764458338344,42.16664662738968,42.20271732595888,0.17687195032101324,0.251485938725334,0.219415457042987,42.83996633401467,42.226764458338344,42.16664662738968,42.20271732595888
28,77.57692307692308,41.16869063364194,41.86605747264639,41.036431405554886,40.699771552242396,40.55548875796561,0.25514658200633494,0.3294011249870823,0.33339309972185693,41.86605747264639,41.036431405554886,40.699771552242396,40.55548875796561
38,80.26923076923077,43.886016592521344,44.46314776962847,43.87399302633161,43.87399302633161,43.801851629193216,0.1862218041177644,0.2661169646729984,0.21610093475071568,44.46314776962847,43.87399302633161,43.87399302633161,43.801851629193216
25,76.84615384615384,40.27894673560178,40.9282193098473,40.12264037513526,39.77395695563304,39.81002765420224,0.2322737349666905,0.36996000254627737,0.2895083711687791,40.9282193098473,40.12264037513526,39.77395695563304,39.81002765420224
8,56.46153846153846,30.419622460021646,31.15305999759529,29.325477936756037,26.956835397378864,27.786461464470364,0.2795606529736775,0.6293788245847816,0.5342094051063425,31.15305999759529,29.325477936756037,26.956835397378864,27.786461464470364
0,3.2692307692307696,4.136106769267765,4.568955152098112,4.677167247805699,3.799446915955272,3.811470482145004,0.35100385032502834,1.426773954114331,0.23786333168012802,4.568955152098112,4.677167247805699,3.799446915955272,3.811470482145004
37,80.23076923076923,43.76578093062402,44.19862931345437,43.81387519538295,43.83792232776241,43.72971023205483,0.18566793053459882,0.2646784516331582,0.20678945914096386,44.19862931345437,43.81387519538295,43.83792232776241,43.72971023205483
